Clash of code

Title *
Flipping ranges
Title is mandatory
Statement *

[[N]] coins numbered from {{0}} to [[N]]{{-1}} are lined up with their
<<heads>> side up. You are given [[Q]] operations, each of which
consists in <<flipping>> (heads/tails) all the coins between two indices
[[L]] and [[R]] (inclusive). How many coins have their <<tails>> side up
after all the operations have been executed?
Statement is mandatory
Input description *

<<Line 1:>> Two space-separated integers [[N]] and [[Q]]. <<Next [[Q]]
lines:>> Two space-separated integers [[L]] and [[R]].
Input description is mandatory
Output description *

A single integer corresponding to the number of tails up coins after all
the operations.
Output description is mandatory
Constraints

{{1}} ≤ [[N]] ≤ {{10^6}} {{1}} ≤ [[Q]] ≤ {{500}} For each operation,
{{0}} ≤ [[L]] ≤ [[R]] < [[N]]
Constraints are mandatory
Game modes *

Fastest
Shortest
Reverse
You must chose at least one game mode
Test cases *

Example
Edit title
Remove

10 5 0 1 3 4 2 3 1 8 1 9 5
Validator 1
Edit title
10 5 0 6 0 1 3 3 8 9 0 8 5
------------------------------------------------------------------------
N = 100 & Q = 10
Edit title
Remove

100 10 25 91 83 89 53 69 28 57 35 75 0 97 20 89 43 54 19 35 27 97 54
Validator 2
Edit title
100 10 13 43 11 48 12 45 44 77 5 33 58 93 15 68 10 48 37 70 79 80 39
------------------------------------------------------------------------
N = 1000 & Q = 100
Edit title
Remove

1000 100 882 906 370 591 196 721 46 71 233 677 296 791 81 875 238 887
103 389 284 464 650 854 166 373 363 379 214 686 273 718 699 959 73 663
623 650 175 546 250 746 167 473 276 388 655 947 570 704 224 701 332 863
786 794 57 234 32 841 323 824 274 410 67 216 935 965 580 897 322 735 217
671 405 511 905 936 469 658 146 271 142 252 574 762 269 551 598 764 438
919 408 597 224 370 141 521 93 505 48 773 112 881 156 642 163 811 432
696 65 610 390 394 479 610 257 541 566 994 881 965 11 696 117 738 698
906 549 768 273 787 348 656 114 300 161 445 3 464 739 976 736 896 269
995 512 780 182 519 108 934 640 891 305 861 519 654 203 623 156 382 165
780 552 976 797 944 543 940 0 613 331 500 19 114 371 951 851 899 314 826
59 245 246 899 580 969 80 87 497 749 70 835 545 778 128 784 131 675 486
969 468
Validator 3
Edit title
1000 100 169 562 271 540 621 893 433 987 216 951 552 773 706 747 205 730
319 408 665 687 382 448 529 921 123 462 230 253 65 346 21 602 235 567
225 602 7 72 646 724 60 234 69 927 32 880 72 338 243 526 285 685 219 497
135 552 740 957 584 903 484 590 248 803 484 826 194 416 96 99 441 674
362 433 420 478 746 884 55 689 661 669 62 100 412 745 347 819 111 882
196 254 194 549 143 459 187 432 285 473 255 895 77 945 453 827 876 882
100 563 51 667 553 856 15 992 95 948 771 869 170 242 416 497 218 492 410
885 60 924 168 388 2 399 271 948 802 803 292 465 433 713 748 980 569 802
677 735 158 498 194 303 222 991 59 593 555 753 62 765 58 321 51 598 488
514 873 941 161 543 58 983 82 520 190 871 70 609 69 691 240 882 122 413
911 964 252 583 592 608 40 634 83 429 597 673 535 578 323 957 486
------------------------------------------------------------------------
N = 10^5 & Q = 500
Edit title
Remove

100000 500 26772 34179 87782 93872 31285 41180 34814 51876 17154 88039
39321 84607 41441 59929 9508 98548 1220 60068 73792 81416 9602 13104
27938 70468 34760 66307 17361 45745 9016 32018 37353 48434 20676 57433
71200 92214 39651 80173 69329 85717 1025 87538 39240 72692 13577 86951
17601 34664 14029 15129 72512 97310 20374 35697 36930 79276 27607 94058
26685 44942 83130 90111 34600 66244 32914 64032 6658 12097 55518 83136
5778 36265 464 43719 17146 83507 21178 34335 57912 97154 72309 92493
56057 73519 1267 14663 9862 90573 19536 71511 4722 48393 72420 76350
19410 56333 5482 16704 40404 47795 5229 46898 27535 89399 32706 87416
13473 46357 53264 73385 81351 98235 20257 31029 21299 23206 3248 54040
23509 96542 43540 53964 87806 96345 32527 34970 20866 91917 14168 50140
5075 61694 26158 29154 45830 60332 29831 40001 3101 29219 25313 86511
43025 52227 9099 36517 36585 46025 66768 84080 52386 89065 43404 70282
3617 15118 23405 34237 34795 76099 5014 14208 56959 78193 45309 95491
41114 57199 67033 79457 15157 50488 24914 75574 5817 33386 57154 92901
221 68146 70575 90027 94297 97248 87900 96605 25825 47739 9171 56531
43279 87062 41145 81678 16334 86951 39363 94339 40538 66469 53528 87410
42753 52743 38752 91384 16683 72667 25144 55108 49695 87153 88777 98059
22810 80676 39446 74593 53225 71819 53 39829 27549 37606 56346 76019
79516 85813 42237 60946 57905 57954 28010 88555 62021 67000 22241 96463
11114 86356 37196 67561 82960 87012 43933 81167 12240 98453 30784 88184
29444 40687 19313 26100 3201 6057 32092 62277 9545 80120 54321 59692
75454 82544 25485 94155 50328 91272 52383 64799 19342 31979 85990 90128
726 98430 13970 55724 23053 28683 67889 91214 6582 60889 32662 73060
15906 59829 17477 60901 69616 87500 73259 78047 41588 98992 58008 80301
66162 94276 55933 71810 20861 58446 62216 97472 33972 58991 32406 98536
36347 83579 63517 68327 31358 82149 35992 57654 10155 93525 30735 37450
35614 44020 41904 70798 10561 18136 19769 30311 50205 90957 20028 92591
8418 28043 53424 54377 43369 71121 54496 61069 8161 27110 51049 55069
76556 91163 2560 75456 49857 62518 772 46105 39139 98759 51116 54921
70545 97978 71582 96289 28906 79069 28760 63993 35774 57125 3804 63654
44057 50968 87670 89016 52994 94919 21632 61261 16728 81560 3534 70008
51645 77580 73975 86900 3552 11003 56179 84246 17786 60515 6590 23819
34099 49689 27742 42906 42840 59598 44236 99775 36471 49692 55255 98567
10735 33065 2540 61644 70702 98176 6826 45870 29389 85215 8993 85426
5276 98858 4067 32411 2671 26130 19973 81439 16544 31266 62070 87747
14993 73920 28569 60952 33586 91680 21992 48351 79415 79593 94156 98032
15012 21465 14168 40768 3365 75849 40888 75470 49192 88781 51990 93718
9961 25995 77607 90520 31830 82213 13356 91382 39529 89687 15866 78697
5383 74177 45508 69827 56148 86706 9038 48571 66317 84874 1658 44725
55057 64251 13833 56822 47472 83307 60258 92708 20052 57080 23086 96180
68386 85256 35400 80728 63372 70539 57091 60931 77656 95817 35179 42245
11359 32177 36559 59087 31963 98366 60910 74691 79997 87580 44092 49674
3761 64789 23834 42600 27802 63904 33862 46507 36655 44608 78139 91905
36211 72848 1330 67715 11221 25042 31635 94381 53271 64038 72768 99374
31499 90519 62402 84659 64332 93302 2260 58743 12196 38566 29045 53005
31890 90673 40135 87026 48368 76225 62031 72544 45056 69588 55771 97771
43357 72140 46112 92124 35509 59473 32951 40189 15814 30217 25242 94540
15670 41359 70236 97370 90461 99901 24267 25105 28361 96810 36241 63464
77278 94972 68765 99641 37093 78222 13176 25443 29816 38829 23519 47301
1854 39618 70010 92801 16591 35954 5965 7146 38290 72529 16551 91411
83606 98669 13446 64340 1607 75243 37268 61524 57733 62746 24164 44657
6734 33092 14953 62616 8564 52521 9710 64454 75631 82502 7026 89974
19555 19887 39824 73772 11164 32530 15525 73147 54548 79471 78135 81057
29581 68494 49856 59049 38974 58028 56207 77139 40026 74531 7894 81399
79905 97004 13006 99973 27235 81987 27659 34687 10641 86563 20585 31439
22782 72350 9838 20517 350 53545 59048 90357 61592 77832 4278 38175
30340 37762 37056 92662 59510 92141 9329 90096 30595 34675 77304 81927
25928 86662 15043 55723 29466 71376 19528 84886 18643 34816 7816 9359
21747 40319 77993 98167 37828 74607 16299 57560 61433 90266 39857 91715
35683 52757 65597 70776 57377 64722 10543 78385 5224 56626 42247 96276
32816 79129 3390 11970 30005 88381 75392 76955 2719 88117 35325 75529
5273 99125 22962 61669 68021 85394 36458 57963 23788 76720 57132 83202
11959 64451 45607 61605 43687 53523 42081 87835 13710 21079 43228 53955
64942 90921 37777 86846 52488 99680 4809 72102 11542 59614 33082 41224
15194 42372 52976 67449 150 86200 60552 71118 7104 54165 24586 67952
47419 81609 65338 99148 57939 81973 6764 99613 26680 35003 17172 71987
37752 57424 63532 91521 3783 15915 79806 82578 31365 93032 20758 40730
1792 72199 53476 72384 12217 29451 14871 60482 15396 84896 20181 65323
38254 93926 66698 92459 35838 54459 61894 63242 31946 59871 18958 72255
24983 50277 66616 78561 17892 97818 9150 36208 44548 54387 35018 66550
336 37072 39132 95164 76011 76931 64178 86499 19476 58529 63483 70592
43573 45236 72340 99991 49441 71228 42176 59682 24727 91422 31300 74946
30613 50196 5720 53841 41704 97609 61993 92435 49968 50604 85461 86991
19936 64923 4852 16547 65836 77356 13154 43515 13069 57711 59890 68937
2011 94692 18894 53736 20232 85823 9807 61537 34737 44375 81691 90794
52098 85175 10527 43065 69942 88389 41505 49808 82155 94203 63956 99536
4705 70912 8968 80931 30771 82727 37667 89705 29817 97880 11846 56881
12903 99663 83066 92260 13173 58153 21805 90964 3794 39251 6028 42516
7355 38452 46984 49131 19080 56450 32007 69621 54008 74177 23600 89364
22280 22946 10350 79887 50140 81226 31566 89539 65230 76435 18758 30433
60443 83611 33289 60236 33466 87404 1231 60981 37700 88815 20706 71643
9681 57898 45293 77014 39210 83746 55615 90480 32780 59878 26111 39599
50422 63335 13979 31091 49986 74963 51590
Validator 4
Edit title
100000 500 47049 75341 38780 91655 2875 38696 51879 86275 1061 35976
74177 89889 6428 97605 79482 97671 37512 65107 30162 79569 28705 46179
24920 83442 32850 81381 88835 99035 86400 94493 17927 89241 12735 82345
82242 84717 5167 40492 4373 57779 47823 75965 17224 95991 11813 38680
42823 97973 23021 54460 17322 26318 47953 70701 65771 69579 21567 35720
33681 63156 38684 97853 15095 44396 9869 61385 18449 98848 29571 88647
88395 94924 52089 73048 11836 47942 1824 51717 34663 70329 16199 59609
48311 88188 88125 98174 34362 76619 49941 83695 14201 48689 30647 88452
3280 61797 73584 81205 42992 79964 29015 84889 8285 83283 60852 91891
39608 85097 15292 53516 5943 18320 4877 39893 15220 64569 12739 30775
17781 70457 50940 59459 48629 87881 91289 97404 54935 70804 76983 97290
20253 95236 54379 85841 12978 64139 53492 80694 4288 36666 48566 90476
28477 58115 30947 58287 13022 47537 48147 89873 71364 84518 7936 47012
36160 52184 16011 24878 12015 59600 27801 86870 83819 84109 2799 78269
6629 43713 16505 31925 26896 74000 8992 72641 27152 76858 28305 30539
19340 43064 371 78116 18964 36342 17038 70807 22871 32853 14408 86646
3379 17275 1947 46955 31186 77182 2068 42437 22838 34782 6868 16614
55176 97218 14896 68955 8330 97735 58756 62422 47453 67271 14293 77812
59245 66039 29038 80623 5683 95321 68347 86363 39535 60036 4082 84323
7972 62781 52640 55872 14150 89928 64260 93375 9632 58138 10589 42219
19442 79730 8609 16540 36046 81830 76724 82978 71874 93343 42622 49925
69541 78301 38652 59469 66263 79354 12999 56387 14996 91983 85316 85814
72264 94481 28183 56370 29949 59186 44424 54239 52262 59441 54524 95631
12463 40966 40963 55936 33408 87177 20006 49060 62163 90023 8799 11957
11188 12219 12656 56606 96835 97594 17054 48843 7861 72924 73608 76869
43207 73620 16021 87819 46346 53845 87207 98341 55435 94510 6743 37700
40953 78696 13579 46090 66507 75748 20280 27884 63201 86079 14184 29392
45890 72910 15058 48176 36512 99956 29643 75248 56244 73526 80422 81490
84239 88470 3441 72972 79822 86223 35054 90894 3794 23647 35818 92104
40499 99930 44541 46009 800 23777 18776 74228 52531 86159 9120 18595
82991 97120 4018 12026 69531 97794 28197 49308 55028 59460 20631 44681
40846 48503 42517 94581 74395 78148 6895 11135 20392 20632 80981 98885
6522 88338 10693 35665 58079 86761 55576 63656 57939 79570 35804 54287
28255 98951 14918 67154 45242 56349 14534 37125 88895 88930 63783 77743
69066 87442 5952 40425 28903 51807 7180 78554 1007 26794 27686 39507
17987 33491 37938 43007 1013 15726 65193 97912 23028 56446 16932 49834
69806 92231 30161 65570 73233 87562 9447 46421 52044 97260 5544 57176
2456 60260 10205 41033 56267 75465 53008 75156 83904 92995 37947 54747
15096 53088 2733 42568 22527 81018 60305 90388 11551 47428 13875 57240
31891 57104 52487 77184 10308 68676 40668 51873 44500 97754 29041 43655
10011 22037 66910 82998 14945 69547 25415 66840 45793 46019 84599 95339
19358 30968 13474 19194 25856 33550 22740 78957 20036 99642 85918 99503
9876 23218 64764 82306 60811 98886 73889 99598 58838 75952 73989 89277
83269 84278 42363 81857 41436 82210 19786 57640 8950 61462 57961 82756
36002 39691 7362 77518 46129 66497 9724 40685 59233 60521 4929 7456
37627 48331 10057 84497 11835 80610 66462 77867 50394 60648 72655 76064
5376 96851 58947 74928 24672 85437 42143 79299 62341 65715 8109 19773
13566 59050 45015 93626 11053 66132 22617 84689 5130 32472 57377 92749
57595 68690 68517 79928 20807 47696 37079 48870 50779 53578 44350 88984
6863 78366 82691 84843 8639 43863 12387 43213 73133 88916 37243 50667
33029 94861 78997 86057 19709 43694 10682 76380 18537 86980 40662 45851
85990 91551 51374 86787 16901 77993 11104 92908 40577 73259 49372 84343
16750 43054 87833 92121 89838 96832 12249 68995 84675 87878 55496 66648
2389 47425 40483 47526 23627 28074 44791 63736 25166 29693 18030 20308
10114 38770 13256 66543 70748 96815 4947 69013 44140 86760 17176 81006
49377 78282 20218 21266 23703 90812 21697 81885 57366 94526 5726 53852
47749 88652 31133 94317 58222 80031 37346 98617 58841 98112 30671 69993
31348 40562 25430 61474 48213 88907 57749 74766 36932 60513 50052 65916
54874 69135 21241 26174 18140 79254 6839 32768 62991 84040 48655 72684
13446 93244 16341 67621 10993 37363 21012 35755 58893 67286 19313 57340
12021 29102 45820 59130 3495 54381 6980 51964 49015 65799 30903 50615
10696 49140 3694 29430 12987 41770 85191 93677 19142 43947 5020 18035
37601 61925 18191 91235 92476 99462 58799 61487 688 80654 2490 10384
28266 33544 19597 71932 79807 95320 55476 69176 14573 37762 31147 39472
6258 15970 31252 55027 81633 83748 8232 59914 14530 65513 70261 78215
2154 82831 67551 75372 31711 94181 18818 38177 205 56261 46244 80584
31531 74798 24551 54600 87080 87584 11221 68614 8870 47265 68951 71313
66496 66535 2665 72633 51177 61621 5706 83318 48929 50709 33246 97952
2128 46805 8855 45193 31604 96068 82346 86127 13587 76271 96362 99179
17486 43583 5811 46176 44374 71567 22949 84252 60899 89742 62722 91146
23891 82802 8270 17675 59988 93853 4847 38462 5741 26422 5492 26144
40642 41365 52196 67552 62049 71176 4799 33202 84790 98735 25048 37501
6265 46789 43506 85948 16315 35811 48237 57272 52431 97426 50678 57637
24486 44438 65038 90710 48148 65211 34959 68062 10828 95300 10345 55640
56440 78964 23652 71496 38504 42101 10494 13447 42981 86628 38750 40173
58447 78986 55851 94065 21842 90408 46077 58183 5551 58606 46210 95265
57008 80589 35986 83816 7518 9835 83560 87973 47619 53242 67251 98290
20969 89051 4081 18714 79635 88878 4561 57432 8812 16545 30932 84562
47467 48015 50181 74349 4244 79310 20111 89006 48623 58972 48760 58188
10077 75225 18047 69397 48096 52171 41207 85139 32717 36528 3396 14869
24385 96426 65410 67861 50723 73619 15435 34311 34116 92279 28124 58493
37431 80199 64382 90961 16074 26237 9706 17790 22630 59250 58341 93502
11506 89381 41889 87535 45537 93000 8511 72089 38058 71063 20644 39315
93003 93298 83584 91779 22818 47381 49509
------------------------------------------------------------------------
N = 10^6 & Q = 500
Edit title
Remove

1000000 500 235134 533469 127257 210743 145622 830541 248235 828766
27560 518019 378427 580933 386831 600076 490110 842700 136074 578443
641674 927199 68941 90403 324314 417500 751759 753789 501916 551231
430749 806527 429322 863333 77333 602826 131414 332427 77767 673540
471832 488461 542491 713145 134568 361249 869325 920607 578083 818164
616338 670872 190802 805077 135300 453633 527290 954951 58104 910385
130192 871776 160448 543269 172655 318897 169834 338334 743788 980143
236422 362831 986609 993508 544103 938397 297846 887025 82690 262778
205837 665905 287782 577599 131250 655383 317534 644274 97966 559392
526986 672124 176827 620556 608851 987346 161684 179516 654813 690731
755638 945816 354019 634534 883456 968810 43195 590996 865322 905740
29751 85168 47670 994623 672612 808475 277511 604788 221048 682759
599929 804214 436822 648133 31757 670030 522230 932180 572079 657629
303742 673088 316768 506404 256773 843776 718264 846567 311882 425818
76517 475575 62823 722063 165759 460959 435810 507774 213933 487002
356717 636129 150647 327766 753258 903332 334827 769864 362147 902590
137118 418084 388539 797615 539995 588933 111341 334617 253480 489131
128473 280464 259961 471435 101514 147720 53063 304309 402810 991307
645270 906141 260330 438446 907340 946141 167457 852993 343341 979109
605748 756157 199055 327905 167082 800190 522469 539728 489491 522987
323528 921777 24302 521530 94423 991148 412344 529996 252422 479441
225595 611680 51021 370037 52995 295023 518934 626543 883791 925199
686041 705188 299628 493446 8574 562761 112718 888324 140440 451860
277319 925321 383545 762847 422842 800961 47440 383713 53642 420040
589107 597983 204110 380133 302620 580096 77103 405116 472230 528750
576566 801535 293308 865401 653516 713449 124582 640725 101377 134913
391326 413037 355556 833510 584929 984558 383366 791638 151275 208727
533853 631728 420884 524369 42210 47504 40804 143693 349218 748255
496756 843019 479187 544559 156175 635710 540546 936516 146570 343897
642848 976610 170395 334002 412042 646447 775232 883532 313769 622565
352713 531958 534473 868524 513641 558198 590268 743167 314353 497960
17445 855374 347329 386251 114928 706537 436774 612056 322623 835457
760557 942425 721466 914462 27941 659827 497643 625905 278428 687436
813864 820934 605693 606574 238596 756442 53849 611868 178794 503787
549697 659580 649840 756215 812233 882027 154954 398658 713793 861574
33104 253961 600383 994265 115233 734549 19857 200051 328930 462462
158787 439122 433020 724042 213795 430311 526195 812617 641181 965236
494514 915215 771581 889587 65306 762736 144789 740058 217413 543878
340839 588132 501608 694395 395129 551002 181594 328993 481992 956431
358955 559024 371496 572808 708699 809489 755944 909801 674558 713813
726991 842690 277203 639711 201603 507699 258494 292559 312999 585196
235790 987219 312071 808634 303042 739142 217346 723769 512756 739233
332441 503110 365746 587713 979055 979878 756719 834042 286741 301769
127794 601334 569576 709489 398138 939272 413697 858130 361899 810616
153591 843700 44109 304561 301602 748831 82868 363188 463864 968894
268900 687836 502351 783641 211883 224381 564739 868170 284303 978346
589318 729988 143941 284815 114532 645584 615336 776880 250905 254235
53231 702371 556837 949154 236633 668933 55040 244146 105065 433377
346337 752204 105428 495351 714281 808206 5433 144144 577086 974231
165613 426673 684607 980452 921068 923425 498807 500641 209144 682139
301198 792630 299279 336768 62036 677273 806066 952040 93806 683984
243500 602022 561147 774568 758243 891638 39110 982169 957590 966232
183568 438184 878292 925100 184327 979288 38105 964306 416278 876822
519447 826236 195361 982105 785386 914663 303528 971023 39286 919331
9717 312886 595551 632063 112512 973555 298384 351317 476419 672464
549787 569691 517904 932456 140718 984152 528705 892400 286090 490755
202177 848102 118118 346747 170387 766634 481206 679776 269761 753504
14768 195243 353487 772399 309355 829179 595361 707160 202544 794068
184019 640632 669752 897734 425187 940617 448479 867161 343856 540310
90951 420304 100018 701765 147442 193757 339320 500646 260096 981284
7161 273453 246961 402206 468436 790371 279963 345637 316613 610754
600705 757997 11991 274258 377017 685436 247781 726420 65142 700224
123967 488002 167475 321709 425110 719400 526930 967946 930927 938599
737733 807236 326084 723821 123119 669737 960632 986327 309369 385397
231577 644481 140057 229772 160626 501410 477079 784056 391774 635163
436045 736038 575914 957136 493699 794139 563628 840952 696353 865708
229021 798867 259486 713390 624756 791401 825618 915548 85847 551033
468449 553829 379358 737952 81896 961800 117659 591573 64758 869032
574251 946746 211976 530041 562728 600521 157131 172529 344056 895993
463303 545617 121886 713341 215379 751742 512573 611474 95359 942553
467122 535167 58338 847975 138353 475458 435604 538179 478987 591303
60541 585941 484838 705448 323139 846112 22827 758414 266817 415182 3161
856113 228486 782032 76577 606403 47489 444278 361264 734406 66857
567451 63182 979981 72371 937656 495002 979134 33276 301036 188724
428728 142007 806325 672687 803028 677255 764715 392650 440781 401058
934631 470325 911862 950814 961664 393892 395833 84148 715894 693939
917036 139449 565497 685280 902075 124395 364663 187143 563356 412151
554531 133533 763214 233507 875373 3642 792911 23839 312856 485494
706215 570892 754024 444730 557772 397700 863355 240820 259535 362974
483000 162656 289039 197636 982946 760242 917722 118326 802674 33782
848799 439605 692267 644793 803265 926685 981716 16405 932227 216092
252356 70559 105797 35207 622795 468127 626822 704667 737449 51040
914581 256622 776513 46385 421805 245722 460285 227823 565979 791030
905686 59185 813761 146942 528373 245536 303314 855413 960911 604095
767051 334394 605526 626962 810065 705200 858136 248411 336241 316422
918823 150219 692282 231780 546571 315098 433649 63918 288519 583761
994595 620407 922446 770925 955858 183640 656401 447952 711721 519696
582851 49161 361145 674565 987324 399669 703953 549939 823975 334217
730132 428090 436548 156466 314455 192811 394747 564058 791062 252673
496520 236290 890598 315344 899197 151363 741948 485517 844917 60423
959175 432723 589704 436740 584357 140606 555736 254655 407286 213214
267382 346305 678120 82911 967024 471635 888283 96955 389102 561654
759782 199734 869695 54040 281502 395489 706396 632209 634356 41468
916057 76319 197303 798696 843737 616126 759489 585997 704066 227558
502681 219036 911709 349138 951092 317915 953149 16078 222096 199254
982683 123014 777493 783159 790973 502184 958861 254377 729417 633760
737954 214447 415898 250956 959579 337237 578897 296809 813185 399152
488899 559572 680233 323404 376710 274267 377114 537727 925695 488640
521433 103398 841814 492296 757505 798625 880521 335788 958745 212994
388712 328122 434037 47936 589849 232022 906058 153011 777259 17007
273441 481042
Validator 5
Edit title
1000000 500 580189 980165 607275 612401 437862 754987 159814 309531
205721 345888 241192 398290 597467 873844 257666 523555 577390 686406
718113 989294 269826 353961 800441 861501 512356 758705 672865 775520
483214 514426 176405 768367 369283 833592 146757 177487 573095 755303
192988 512036 932566 961438 568471 672985 61585 549395 35466 879827
77941 887826 857730 991101 50871 700674 6693 801467 144170 432424 661338
883472 71269 242675 158366 741521 9585 229344 478160 530299 63386 391329
647847 668706 699143 979269 646467 957089 506676 691309 16495 511552
6933 558065 431319 578440 12426 17538 555134 757273 288086 561762 17975
300614 526611 852657 706774 731758 451488 845328 953966 985359 112214
187974 100992 962643 156130 549857 201255 252674 552029 649887 264679
854814 280310 371658 416176 833551 82857 391172 425750 481294 255021
592447 236828 731105 314546 717269 868286 889053 84532 685491 681463
899908 33223 796483 98042 424965 395490 397687 499127 579549 58840
667678 9909 736986 86702 179708 524139 886392 454987 676234 347362
822478 593343 899636 99994 938256 553815 963800 44618 240927 221686
945053 725916 910286 594316 930668 284263 498598 48823 969051 77959
717675 293992 970546 569408 942996 590882 690077 34500 188066 891737
973882 16418 329761 217221 615551 151195 788795 747332 860556 417643
860778 80674 973995 170341 313814 252153 591353 594223 875194 408060
890704 709922 940075 347843 566820 402491 792313 146748 775679 722794
828897 82237 759340 525119 781667 56304 362659 102430 458320 243420
879414 79710 357137 634565 806360 624540 643684 415973 811131 31064
342230 286604 664926 472436 821609 239220 514435 373095 579902 393663
986859 194760 452825 614334 712711 398535 692764 89856 809676 309727
648665 258421 836821 77077 747748 86023 280989 161712 398458 746247
821968 161771 664693 408548 775584 332061 378221 95966 111726 5447
988765 323241 466339 377400 798329 107197 282870 91537 138943 196494
451914 470646 584041 537333 581687 108310 427865 27537 93972 371106
581141 97584 625920 627094 822543 340189 905674 12940 403951 306024
433911 406637 817018 88813 760053 586716 944909 254533 949178 546417
599743 177820 718605 177735 399226 145584 281981 281444 315759 153023
517077 66340 175329 289366 455791 314313 441557 507753 820685 80657
378666 263926 990088 258568 755917 519886 655395 622651 646624 205047
480102 112168 142071 7096 319457 414913 994913 348354 882495 398343
650318 843135 904080 345549 461607 350996 451533 855088 863539 682661
901259 142736 623266 315029 336241 632512 993293 210608 729066 329445
502278 186266 417584 305605 334640 728716 770571 514858 663646 603853
819959 254200 341716 293916 394322 824040 856156 382746 412022 119420
977343 209505 591240 572133 620995 188667 714827 576820 804905 28223
999297 484045 762538 742776 988780 219832 459753 305482 836433 726490
871662 72518 858747 834306 888970 429016 833665 523557 705668 145939
664100 253777 317543 264955 690658 161630 749979 443681 827406 77558
395303 470880 626979 502514 610527 420274 560324 531221 968355 911877
965101 438620 725309 38551 570053 376993 829130 735716 939001 562986
851755 622665 669180 89110 958819 114682 806306 260289 689545 372253
696982 174418 678428 46448 642439 590579 676364 678159 710380 419029
789245 347704 834908 111090 451365 11060 103396 232785 271306 535482
783132 543998 585098 608717 721068 231768 603178 392292 467432 410133
485556 712565 809859 617181 723975 158067 524776 25755 361724 109627
506222 309783 436181 90025 965264 121707 871699 765618 986370 148557
365249 327040 359731 477450 822366 216916 546428 365219 506384 102365
499292 459450 757065 474425 730609 70437 334400 46853 314849 745305
849541 23682 120675 359743 890429 114675 679445 710032 838913 172337
975094 255761 776459 182927 541058 167914 578719 347067 587044 447080
484498 243118 836507 424723 660351 193411 195440 671590 689237 414798
453125 30610 773207 643937 925994 206909 471413 450418 620970 4666
407723 225230 738968 215780 291865 737945 788870 834674 848014 65602
605393 106694 838338 562968 914336 196041 383561 206647 341819 119490
479776 275097 703281 513261 904539 553349 670153 328628 625969 407517
641003 411612 615519 119781 364825 369082 886589 480101 647351 180908
853266 706309 740282 311893 839503 644333 963308 88868 618836 140454
704758 123586 328399 250161 320214 122629 191936 391439 727120 148225
535638 407333 438555 144564 625397 402349 602727 194776 443588 510310
666371 563483 727117 676604 963810 181649 975904 174971 581868 302865
513426 147111 196187 329861 882885 472908 649498 56215 907565 376479
998078 10048 508149 143167 204607 402594 854815 529990 588861 519013
684793 429008 717956 435820 515611 744638 880690 465412 512438 86686
175377 32359 592862 798025 834541 231241 306278 34283 288204 235765
563723 176379 302692 479536 818665 593127 778586 803124 810074 519373
576429 118710 535618 119754 600534 280901 812764 569488 863274 384682
568373 793547 862570 43631 796922 462806 753905 229157 572892 107391
445807 771740 870392 685424 787842 259555 312170 33796 917304 275581
471578 365509 904081 91208 856401 460398 907322 123088 813308 248455
851327 220073 850083 616482 773443 367663 722608 745279 902874 639905
663508 174044 448965 145998 646081 216656 822974 216995 853047 62241
844565 367856 597766 294739 558136 564939 625850 176556 339375 306849
738253 303387 600556 280329 998660 539403 899695 712296 943881 99850
854779 142175 786530 431589 823856 62165 963398 290794 909165 133051
687757 735499 908149 139136 261805 153347 745951 337742 868726 259579
798462 709083 884532 411776 513234 149077 605474 281770 663121 434346
658309 393396 473947 79184 664406 833197 922878 97616 806233 422419
540659 291740 786224 728449 981819 386999 919933 476782 996413 343187
511751 2593 610224 811739 911115 768316 888319 97666 766437 480718
665678 696405 731160 375623 891401 66407 834328 417035 560384 228411
450513 222142 864915 281581 518746 338548 868581 297368 354161 573896
606007 136937 593643 508913 893829 360437 826596 715707 937589 50760
799281 48174 104411 656596 821967 481906 877345 17072 130272 899312
974581 165657 462721 708 478693 212146 448580 722040 953582 138320
924998 316528 681571 166699 916899 919176 978033 97874 287330 377943
686385 86424 262552 389906 696787 680432 947703 54302 173565 415594
655993 320349 761253 733417 791918 245517 450081 95629 687326 99807
737880 1139 223788 81724 499968 139145 622518 237178 544676 466686
713013 8454 9738 360263 729386 126451 856800 442828 902132 138595 727744
74268 500905 240068 401677 93670 766260 107402 845106 108214 328572
385416 923783 143790 313791 401312 811032 789743 852878 139613 916976
672741 710029 71734 149792 556278 590653 8886 639966 172088 681595
368247 461477 223404 757524 658589 784616 158727 964578 431709 646002
463873 719916 227797 901736 90898 940145 105345 146814 129139 788996
618213 765470 368611 402686 329780 450246 146622 829504 494515
ADD A TEST CASE
Solution language *

Solution language is mandatory
Solution *

  
1
2
3
4
5
6
7
8
9
10
11
12
13
14
15
16
17
18
19
20
21
22
23
24
25
26
27
28
29
30
31
32
33
34
35
36
37
# /!\ TWO DISTINCT SOLUTIONS GIVEN BELOW
# O(N+Q) approach, O(N) space
N,Q = map(int,input().split())
A = [0]*N
for _ in range(Q):
    L,R = map(int,input().split())
    A[L] += 1
    if R+1<N:
        A[R+1] -= 1
x = res = 0
for i in range(N):
    x += A[i]
    res += x%2
print(res)
quit()
# O(N + Q log Q) approach, O(Q) space
N,Q = map(int,input().split())
LR = []
for _ in range(Q):
    L,R = map(int,input().split())
    LR.append((L,1))
    LR.append((R+1,-1))
LR.sort()
j = cnt = res = 0
for i in range(N):
    while j<len(LR) and LR[j][0]<=i:
        cnt += LR[j][1]
        j += 1
    res += cnt%2
XXXXXXXXXXXXXXXXXXXXXXXXXXXXXXXXXXXXXXXXXXXXXXXXXX
Solution is mandatory
Stub generator input *

  
1
2
3
read N:int Q:int
loop Q read L:int R:int
write 0
XXXXXXXXXXXXXXXXXXXXXXXXXXXXXXXXXXXXXXXXXXXXXXXXXX
